0, 163, 327, 491, 655, 819, 983, 1147, 1311, 1475, 1639, 1803, 1967, 2131, 2295, 2459, 2623, 2787, 2951, 3115, 3279, 3443, 3607, 3771, 3935, 4099, 4263, 4427, 4591, 4755, 4919, 5083, 5247, 5411, 5575, 5739, 5903, 6067, 6231, 6395, 6559, 6723, 6887, 7051, 7215, 7379, 7543, 7707, 7871, 8035, 8199, 8363, 8527, 8691, 8855, 9019, 9183, 9347, 9511, 9675, 9839, 10003, 10167, 10331, 10495, 10659, 10823, 10987, 11151, 11315, 11479, 11643, 11807, 11971, 12135, 12299, 12463, 12627, 12791, 12955, 13119, 13283, 13447, 13611, 13775, 13939, 14103, 14267, 14431, 14595, 14759, 14923, 15087, 15251, 15415, 15579, 15743, 15907, 16071, 16235, 16399, 16563, 16727, 16891, 17055, 17219, 17383, 17547, 17711, 17875, 18039, 18203, 18367, 18531, 18695, 18859, 19023, 19187, 19351, 19515, 19679, 19843, 20007, 20171, 20335, 20499, 20663, 20827
0x01 1

0, 163, 327, 491, 655, 819, 983, 1147, 1311, 1475, 1639, 1803, 1967, 2131, 2295, 2459, 2623, 2787, 2951, 3115, 3279, 3443, 3607, 3771, 3935, 4099, 4263, 4427, 4591, 4755, 4919, 5083, 5247, 5411, 5575, 5739, 5903, 6067, 6231, 6395, 6559, 6723, 6887, 7051, 7215, 7379, 7543, 7707, 7871, 8035, 8199, 8363, 8527, 8691, 8855, 9019, 9183, 9347, 9511, 9675, 9839, 10003, 10167, 10331, 10495, 10659, 10823, 10987, 11151, 11315, 11479, 11643, 11807, 11971, 12135, 12299, 12463, 12627, 12791, 12955, 13119, 13283, 13447, 13611, 13775, 13939, 14103, 14267, 14431, 14595, 14759, 14923, 15087, 15251, 15415, 15579, 15743, 15907, 16071, 16235, 16399, 16563, 16727, 16891, 17055, 17219, 17383, 17547, 17711, 17875, 18039, 18203, 18367, 18531, 18695, 18859, 19023, 19187, 19351, 19515, 19679, 19843, 20007, 20171, 20335, 20499, 20663, 20827
0x02 2

0, 163, 327, 491, 655, 819, 983, 1147, 1311, 1475, 1639, 1803, 1967, 2131, 2295, 2459, 2623, 2787, 2951, 3115, 3279, 3443, 3607, 3771, 3935, 4099, 4263, 4427, 4591, 4755, 4919, 5083, 5247, 5411, 5575, 5739, 5903, 6067, 6231, 6395, 6559, 6723, 6887, 7051, 7215, 7379, 7543, 7707, 7871, 8035, 8199, 8363, 8527, 8691, 8855, 9019, 9183, 9347, 9511, 9675, 9839, 10003, 10167, 10331, 10495, 10659, 10823, 10987, 11151, 11315, 11479, 11643, 11807, 11971, 12135, 12299, 12463, 12627, 12791, 12955, 13119, 13283, 13447, 13611, 13775, 13939, 14103, 14267, 14431, 14595, 14759, 14923, 15087, 15251, 15415, 15579, 15743, 15907, 16071, 16235, 16399, 16563, 16727, 16891, 17055, 17219, 17383, 17547, 17711, 17875, 18039, 18203, 18367, 18531, 18695, 18859, 19023, 19187, 19351, 19515, 19679, 19843, 20007, 20171, 20335, 20499, 20651, 20803
0x03 3

0, 163, 327, 491, 655, 819, 983, 1147, 1311, 1475, 1639, 1803, 1967, 2131, 2295, 2459, 2623, 2787, 2951, 3115, 3279, 3443, 3607, 3771, 3935, 4099, 4263, 4427, 4591, 4755, 4919, 5083, 5247, 5411, 5575, 5739, 5903, 6067, 6231, 6395, 6559, 6723, 6887, 7051, 7215, 7379, 7543, 7707, 7871, 8035, 8199, 8363, 8527, 8691, 8855, 9019, 9183, 9347, 9511, 9675, 9839, 10003, 10167, 10331, 10495, 10659, 10823, 10987, 11151, 11315, 11479, 11643, 11807, 11971, 12135, 12299, 12463, 12627, 12791, 12955, 13119, 13283, 13447, 13611, 13775, 13939, 14103, 14267, 14431, 14595, 14759, 14923, 15087, 15251, 15415, 15579, 15743, 15907, 16071, 16235, 16399, 16563, 16727, 16891, 17055, 17219, 17383, 17547, 17711, 17875, 18039, 18203, 18367, 18531, 18695, 18859, 19023, 19187, 19351, 19515, 19679, 19843, 19995, 20147, 20299, 20451, 20603, 20755
0x04 4

0, 163, 327, 491, 655, 819, 983, 1147, 1311, 1475, 1639, 1803, 1967, 2131, 2295, 2459, 2623, 2787, 2951, 3115, 3279, 3443, 3607, 3771, 3935, 4099, 4263, 4427, 4591, 4755, 4919, 5083, 5247, 5247, 5411, 5575, 5739, 5903, 6067, 6231, 6395, 6559, 6723, 6887, 7051, 7215, 7379, 7543, 7707, 7871, 8035, 8199, 8363, 8527, 8691, 8855, 9019, 9183, 9347, 9511, 9675, 9839, 10003, 10167, 10331, 10495, 10659, 10823, 10987, 11151, 11315, 11479, 11643, 11807, 11971, 12135, 12299, 12463, 12627, 12791, 12955, 13119, 13283, 13447, 13611, 13775, 13939, 14103, 14267, 14431, 14595, 14759, 14923, 15087, 15251, 15415, 15579, 15743, 15907, 16071, 16235, 16399, 16563, 16727, 16891, 17055, 17219, 17383, 17547, 17711, 17875, 18039, 18203, 18367, 18531, 18695, 18859, 19023, 19187, 19351, 19515, 19667, 19819, 19971, 20123, 20275, 20427, 20579
0x05

0, 163, 327, 491, 655, 819, 983, 1147, 1311, 1475, 1639, 1803, 1967, 2131, 2295, 2459, 2623, 2787, 2951, 3115, 3279, 3443, 3607, 3771, 3935, 4099, 4263, 4427, 4591, 4755, 4919, 5083, 5247, 5411, 5575, 5739, 5903, 6067, 6231, 6395, 6559, 6723, 6887, 7051, 7215, 7379, 7543, 7707, 7871, 8035, 8199, 8363, 8527, 8691, 8855, 9019, 9183, 9347, 9511, 9675, 9839, 10003, 10167, 10331, 10495, 10659, 10823, 10987, 11151, 11315, 11479, 11643, 11807, 11971, 12135, 12299, 12463, 12627, 12791, 12955, 13119, 13283, 13447, 13611, 13775, 13939, 14103, 14267, 14431, 14595, 14759, 14923, 15087, 15251, 15415, 15579, 15743, 15907, 16071, 16235, 16399, 16563, 16727, 16891, 17055, 17219, 17383, 17547, 17711, 17875, 18039, 18203, 18367, 18531, 18695, 18859, 19023, 19187, 19339, 19491, 19643, 19795, 19947, 20099, 20251, 20403, 20555, 20707, 
0x06

0, 163, 327, 491, 655, 819, 983, 1147, 1311, 1475, 1639, 1803, 1967, 2131, 2295, 2459, 2623, 2787, 2951, 3115, 3279, 3443, 3607, 3771, 3935, 4099, 4263, 4427, 4591, 4755, 4919, 5083, 5247, 5411, 5575, 5739, 5903, 6067, 6231, 6395, 6559, 6723, 6887, 7051, 7215, 7379, 7543, 7707, 7871, 8035, 8199, 8363, 8527, 8691, 8855, 9019, 9183, 9347, 9511, 9675, 9839, 10003, 10167, 10331, 10495, 10659, 10823, 10987, 11151, 11315, 11479, 11643, 11807, 11971, 12135, 12299, 12463, 12627, 12791, 12955, 13119, 13283, 13447, 13611, 13775, 13939, 14103, 14267, 14431, 14595, 14759, 14923, 15087, 15251, 15415, 15579, 15743, 15907, 16071, 16235, 16399, 16563, 16727, 16891, 17055, 17219, 17383, 17547, 17711, 17875, 18039, 18203, 18367, 18531, 18695, 18859, 19011, 19163, 19315, 19467, 19619, 19771, 19923, 20075, 20227, 20379, 20531, 20683, 
0x07

0, 163, 327, 491, 655, 819, 983, 1147, 1311, 1475, 1639, 1803, 1967, 2131, 2295, 2459, 2623, 2787, 2951, 3115, 3279, 3443, 3607, 3771, 3935, 4099, 4263, 4427, 4591, 4755, 4919, 5083, 5247, 5411, 5575, 5739, 5903, 6067, 6231, 6395, 6559, 6723, 6887, 7051, 7215, 7379, 7543, 7707, 7871, 8035, 8199, 8363, 8527, 8691, 8855, 9019, 9183, 9347, 9511, 9675, 9839, 10003, 10167, 10331, 10495, 10659, 10823, 10987, 11151, 11315, 11479, 11643, 11807, 11971, 12135, 12299, 12463, 12627, 12791, 12955, 13119, 13283, 13447, 13611, 13775, 13939, 14103, 14267, 14431, 14595, 14759, 14923, 15087, 15251, 15415, 15579, 15743, 15907, 16071, 16235, 16399, 16563, 16727, 16891, 17055, 17219, 17383, 17547, 17711, 17875, 18039, 18203, 18367, 18531, 18683, 18835, 18987, 19139, 19291, 19443, 19595, 19747, 19899, 20051, 20203, 20355, 20507, 20659
0x08

0, 163, 327, 491, 655, 819, 983, 1147, 1311, 1475, 1639, 1803, 1967, 2131, 2295, 2459, 2623, 2787, 2951, 3115, 3279, 3443, 3607, 3771, 3935, 4099, 4263, 4427, 4591, 4755, 4919, 5083, 5247, 5411, 5575, 5739, 5903, 6067, 6231, 6395, 6559, 6723, 6887, 7051, 7215, 7379, 7543, 7707, 7871, 8035, 8199, 8363, 8527, 8691, 8855, 9019, 9183, 9347, 9511, 9675, 9839, 10003, 10167, 10331, 10495, 10659, 10823, 10987, 11151, 11315, 11479, 11643, 11807, 11971, 12135, 12299, 12463, 12627, 12791, 12955, 13119, 13283, 13447, 13611, 13775, 13939, 14103, 14267, 14431, 14595, 14759, 14923, 15087, 15251, 15415, 15579, 15743, 15907, 16071, 16235, 16399, 16563, 16727, 16891, 17055, 17219, 17383, 17547, 17711, 17875, 18039, 18203, 18367, 18519, 18671, 18823, 18975, 19127, 19279, 19431, 19583, 19735, 19887, 20039, 20191, 20343, 20495, 20647, 
0x09

0, 163, 327, 491, 655, 819, 983, 1147, 1311, 1475, 1639, 1803, 1967, 2131, 2295, 2459, 2623, 2787, 2951, 3115, 3279, 3443, 3607, 3771, 3935, 4099, 4263, 4427, 4591, 4755, 4919, 5083, 5247, 5411, 5575, 5739, 5903, 6067, 6231, 6395, 6559, 6723, 6887, 7051, 7215, 7379, 7543, 7707, 7871, 8035, 8199, 8363, 8527, 8691, 8855, 9019, 9183, 9347, 9511, 9675, 9839, 10003, 10167, 10331, 10495, 10659, 10823, 10987, 11151, 11315, 11479, 11643, 11807, 11971, 12135, 12299, 12463, 12627, 12791, 12955, 13119, 13283, 13447, 13611, 13775, 13939, 14103, 14267, 14431, 14595, 14759, 14923, 15087, 15251, 15415, 15579, 15743, 15907, 16071, 16235, 16399, 16563, 16727, 16891, 17055, 17219, 17383, 17547, 17711, 17875, 18039, 18191, 18343, 18495, 18647, 18799, 18951, 19103, 19255, 19407, 19559, 19711, 19863, 20015, 20167, 20319, 20471, 20623, 
0x0a

0, 163, 327, 491, 655, 819, 983, 1147, 1311, 1475, 1639, 1803, 1967, 2131, 2295, 2459, 2623, 2787, 2951, 3115, 3279, 3443, 3607, 3771, 3935, 4099, 4263, 4427, 4591, 4755, 4919, 5083, 5247, 5411, 5575, 5739, 5903, 6067, 6231, 6395, 6559, 6723, 6887, 7051, 7215, 7379, 7543, 7707, 7871, 8035, 8199, 8363, 8527, 8691, 8855, 9019, 9183, 9347, 9511, 9675, 9839, 10003, 10167, 10331, 10495, 10659, 10823, 10987, 11151, 11315, 11479, 11643, 11807, 11971, 12135, 12299, 12463, 12627, 12791, 12955, 13119, 13283, 13447, 13611, 13775, 13939, 14103, 14267, 14431, 14595, 14759, 14923, 15087, 15251, 15415, 15579, 15743, 15907, 16071, 16235, 16399, 16563, 16727, 16891, 17055, 17219, 17383, 17547, 17711, 17863, 18015, 18167, 18319, 18471, 18623, 18775, 18927, 19079, 19231, 19383, 19535, 19687, 19839, 19991, 20143, 20295, 20447, 20599, 
0x0b


0x63
0, 163, 327, 491, 655, 819, 983, 1147, 1311, 1475, 1639, 1803, 1967, 2131, 2295, 2459, 2623, 2787, 2951, 3115, 3279, 3443, 3607, 3771, 3935, 4099, 4263, 4427, 4591, 4755, 4919, 5083, 5247, 5411, 5575, 5739, 5903, 6067, 6231, 6395, 6559, 6723, 6887, 7051, 7215, 7367, 7519, 7671, 7823, 7975, 8127, 8279, 8431, 8583, 8735, 8887, 9039, 9191, 9343, 9495, 9647, 9799, 9951, 10103, 10255, 10407, 10559, 10711, 10863, 11015, 11167, 11319, 11471, 11623, 11775, 11927, 12079, 12231, 12383, 12535, 12687, 12839, 12991, 13143, 13295, 13447, 13599, 13751, 13903, 14055, 14207, 14359, 14511, 14663, 14815, 14967, 15119, 15271, 15423, 15575, 15727, 15879, 16031, 16183, 16335, 16487, 16639, 16791, 16943, 17095, 17247, 17399, 17551, 17703, 17855, 18007, 18159, 18311, 18463, 18615, 18767, 18919, 19071, 19223, 19375, 19527, 19679, 19831
